115 1198 1.64057
115 1197 1.64057
115 1200 1.64057
115 1202 1.64057
115 1369 1.64057
116 1354 0.869177
116 1353 0.869177
116 1200 0.869177
121 1361 0.950392
121 1359 0.950392
121 1333 0.950392
123 1359 1.44647
123 1362 1.44647
123 1363 1.44647
123 1364 1.44647
124 1201 1.44448
124 1202 1.44448
124 1368 1.44448
124 1364 1.44448
131 1346 1.21954
131 1345 1.21954
131 1353 1.21954
131 1355 1.21954
135 1335 1.31444
135 1438 1.31444
135 1439 1.31444
135 1333 1.31444
139 1437 0.940731
139 1335 0.940731
139 1549 0.940731
140 1437 3.34814
140 1438 3.34814
140 1297 3.34814
140 1550 3.34814
140 1299 3.34814
140 3727 3.34814
140 3726 3.34814
141 1361 3.38253
141 1362 3.38253
141 1307 3.38253
141 1439 3.38253
141 1297 3.38253
141 3724 3.38253
141 3740 3.38253
142 3735 2.91217
142 3736 2.91217
142 1307 2.91217
142 1363 2.91217
142 1368 2.91217
142 1369 2.91217
143 1197 2.90876
143 1199 2.90876
143 1354 2.90876
143 1355 2.90876
143 1373 2.90876
143 3753 2.90876
145 1345 1.4258
145 1347 1.4258
145 1440 1.4258
145 1408 1.4258
155 1346 2.21563
155 1347 2.21563
155 1373 2.21563
155 1375 2.21563
155 3759 2.21563
169 1374 2.85637
169 1375 2.85637
169 1377 2.85637
169 1378 2.85637
169 1380 2.85637
169 1440 2.85637
169 1441 2.85637
174 1301 2.65318
174 1303 2.65318
174 1603 2.65318
174 1299 2.65318
174 3733 2.65318
174 3732 2.65318
178 1549 1.42745
178 1550 1.42745
178 1603 1.42745
178 1622 1.42745
181 1376 3.37564
181 1377 3.37564
181 1454 3.37564
181 1456 3.37564
181 1457 3.37564
181 1459 3.37564
181 1543 3.37564
187 1302 1.27164
187 1301 1.27164
187 1604 1.27164
187 1622 1.27164
188 1302 2.44023
188 1303 2.44023
188 1541 2.44023
188 1564 2.44023
188 1563 2.44023
188 1638 2.44023
195 1455 2.72411
195 1457 2.72411
195 1624 2.72411
195 1625 2.72411
195 1638 2.72411
195 1645 2.72411
